






































                                                                  1111
                                                                 111111
                                                                11111111
                                                               11LL11LL11
                                                               11LP11LP11
                                                               1111111111
                                                               1111111111
                                                               1111111111
                                                               1111111111
                                                               1111111111
                                                               1111111111
                                                               1111111111
                                                               11 1111 11
.                                                                              .